VTEORICA	COD AV	2	3	1	4	5	7	6	0
	8	86,2	86,8	86,0	86,8	85,6	86,4	84,6	84,4
100	9	95,5	96,0	95,2	96,2	95,3	95,8	94,3	94,4
	10	106,1	107,0	107.8	108.8	107.2	108.5	106,8	108.8
	
	17	188,7	190,0	188,3	190,0	188,2	189,7	184,7	184,0		
200	18	199,0	200,0	200,0	201,0	198,0	200,0	195,5	195,0		
	19	208,4	209,9	208,2	210,0	207,0	208,5	204,1	204,2

	27	288,7	292,0	289,4	292,0	288,0	289,4	284,0	284,0
300	28	304,8	306,1	304,0	305,3	303,5	304,0	297,4	300,0	
	29	312,0	312,7	312,0	312,7	309,5	311,7	304,0	305,5	

	39	389,2	391,7	389,2	392,0	387,7	389,0	383,2	383,2
400	40	405,5	408,0	405,0	408,0	403,1	405,2	397,4	397,4
	41	410,0	412,6	411,1	413,4	408,0	411,6	403,7	401,2
	
	49	493,5	496,0	494,0	495,3	488,7	492,0	485,0	484,0
500	50	500,0	504,0	503,4	503,0	497,5	499,4	493,3	493,4
	51	506,2	510,1	506,2	506,7	502,3	505,7	500,1	497,0

	61	594,5	595,6	594,2	594,3	489,1	592,0	581,3	583,2
600	62	602,2	607,8	602,3	602,0	595,4	601,9	587,2	586,0
	63	608,0	610,1	608,0	608,0	602,1	604,0	601,0	600,1	
	
	74	694,4	696,0	692,0	696,0	687,2	694,3	687,0	681,0
700	75	696,0	698,5	696,0	698,0	689,9	696,0	695,0	697,0
	76	712,2	714,5	712,0	712,0	705,7	712,0	701,0	702,0
	
	87	792,0	794,6	793,4	795,3	786,4	792,0	778,6	782,0
800	88	808,0	810,4	807,9	810,2	802,7	805,6	794,6	794,0
	89	810,5	812,2	810,3	812,0	807,9	808,2	799,3	796,9

	104	896,9	899,1	896,0	901,1	895,2	896,0	882,9	888,0
900	105	902,0	904,0	899,9	905,2	898,9	900,0	891,2	892,0
	106	905,2	912,0	904,3	911,8	904,5	905,7	890,0	895,0

	125	984,3	987,1	985,9	986,3	984,0	987,1	978,0	984,0
1000	126	986,8	990,6	986,6	991,3	987,9	991,2	984,0	986,0
	127	987,4	991,0	988,2	993,2	988,9	992,1	988,1	987,8
	
	
#	
#Medida:
#Horizon	1	ns/div
#H pos	30	%
#Average	256	Muestras
#Triger	50	%	Set 50%
#V pos	-3.6	V	Desde 0 (2 rayas primer cuadro)
#Vertial	100	20	mv/div
#Vertial	200	50	mv/div
#Vertial	300	50	mv/div
#Vertial	400	100	mv/div
#Vertial	500	100	mv/div
#Vertial	600	100	mv/div
#Vertial	700	100	mv/div
#Vertial	800	200	mv/div
#Vertial	900	200	mv/div
#Vertial	1000	200	mv/div

#MEDIDAS FINALES

VIN	DIA1	DIA2	
50		
100	9	10
200	18	19
300	28	30
400	40	43
500	50	53
600	62	66
700	75	79
800	88	92
900	105	111
1000	126	127

#Medidas nuevas Fase 1 incremento de 50 a 1000
Partimos reset inicial Asic
Medidas en placa An_l0 Fanout 2

Vin	Codigo	Vreal	temperatura
50	5	49	29,97
100	11	105	30,00
200	21	205	30,06
300	33	305	30,12
400	44	401	30,18
500	56	505	30,25
600	70	605	30,43
700	82	701	30,50	
800	99	798	30,62
900	116	899	30,56
1000	127	938	30,56

#Medidas nuevas fase 2 incremento 50 a 1000
Partimos reset inicial Asic
Medidas en placa An_l0 Fanout 2
Vin	Codigo	Vreal	temperatura
50	5	49	30,43
100	11	105	30,43
200	21	204	30,43
300	33	304	30,56
400	44	400	30,56
500	56	506	30,56
600	70	606	30,56
700	82	700	30,62	
800	99	799	30,62
900	116	900	30,65
1000	127	938	30,68